[Variables]
ercf_calib_0 = 1.0
ercf_calib_1 = 1.00083298346
ercf_calib_2 = 1.00468761346
ercf_calib_3 = 1.00161046917
ercf_calib_ref = 1090.034832

