[Variables]
ercf_calib_0 = 1.0
ercf_calib_1 = 1.0035884174
ercf_calib_2 = 0.995083430815
ercf_calib_3 = 1.00047892579
ercf_calib_ref = 1104.3394225

