[Variables]
ercf_calib_0 = 1.0
ercf_calib_1 = 20.1246657343
ercf_calib_2 = 0.952040227606
ercf_calib_3 = 0.952040227606
ercf_calib_ref = 1085.157441

