[Variables]
ercf_calib_0 = 1.0
ercf_calib_1 = 1.00003120791
ercf_calib_2 = 0.995083430815
ercf_calib_3 = 1.00047892579
ercf_calib_ref = 1094.919462

