[Variables]
ercf_calib_0 = 1.0
ercf_calib_1 = 1.00468973838
ercf_calib_2 = 1.00080462725
ercf_calib_3 = 1.00080462725
ercf_calib_ref = 1094.251013

